20
0.00 0.43 0.92 0.93 0.92 1.05 1.15 1.45 0.66 1.47 1.23 1.29 0.94 0.32 0.95 0.84 1.19 1.41 0.97 1.63
0.43 0.00 1.19 1.07 1.46 1.25 1.27 1.16 0.75 1.54 1.53 0.83 1.52 0.38 0.69 0.76 1.29 1.12 0.60 1.13
0.92 1.19 0.00 0.91 1.20 0.64 0.73 1.02 0.61 0.93 1.08 0.96 0.56 1.29 0.75 1.12 0.25 1.05 0.75 1.16
0.93 1.07 0.91 0.00 0.61 1.44 1.73 0.88 0.63 0.61 0.88 1.05 0.70 0.79 0.89 1.17 0.95 1.41 1.28 1.00
0.92 1.46 1.20 0.61 0.00 0.92 1.49 0.85 1.25 0.41 0.89 1.09 0.70 0.92 1.56 0.82 0.96 1.20 1.51 0.95
1.05 1.25 0.64 1.44 0.92 0.00 0.70 0.68 1.59 0.96 1.17 0.85 1.14 1.35 1.36 0.38 0.49 0.95 0.45 0.69
1.15 1.27 0.73 1.73 1.49 0.70 0.00 1.45 1.16 1.47 0.58 1.21 0.88 1.31 0.88 1.15 1.02 0.57 0.90 1.33
1.45 1.16 1.02 0.88 0.85 0.68 1.45 0.00 1.16 0.32 1.57 0.66 1.08 1.57 1.03 0.92 0.42 1.35 0.80 0.17
0.66 0.75 0.61 0.63 1.25 1.59 1.16 1.16 0.00 1.02 1.22 1.11 0.60 0.89 0.53 1.69 0.87 1.34 1.20 1.38
1.47 1.54 0.93 0.61 0.41 0.96 1.47 0.32 1.02 0.00 1.14 0.65 0.57 1.59 1.08 1.23 0.46 1.30 1.34 0.41
1.23 1.53 1.08 0.88 0.89 1.17 0.58 1.57 1.22 1.14 0.00 1.27 0.69 1.04 1.04 1.20 1.42 0.73 1.35 1.34
1.29 0.83 0.96 1.05 1.09 0.85 1.21 0.66 1.11 0.65 1.27 0.00 1.34 1.30 1.06 0.81 0.81 0.81 0.49 0.28
0.94 1.52 0.56 0.70 0.70 1.14 0.88 1.08 0.60 0.57 0.69 1.34 0.00 1.37 0.59 1.65 0.59 1.49 1.65 1.35
0.32 0.38 1.29 0.79 0.92 1.35 1.31 1.57 0.89 1.59 1.04 1.30 1.37 0.00 1.17 0.63 1.59 0.90 1.03 1.56
0.95 0.69 0.75 0.89 1.56 1.36 0.88 1.03 0.53 1.08 1.04 1.06 0.59 1.17 0.00 1.55 0.79 1.44 1.11 1.16
0.84 0.76 1.12 1.17 0.82 0.38 1.15 0.92 1.69 1.23 1.20 0.81 1.65 0.63 1.55 0.00 1.05 0.73 0.43 0.77
1.19 1.29 0.25 0.95 0.96 0.49 1.02 0.42 0.87 0.46 1.42 0.81 0.59 1.59 0.79 1.05 0.00 1.28 0.84 0.68
1.41 1.12 1.05 1.41 1.20 0.95 0.57 1.35 1.34 1.30 0.73 0.81 1.49 0.90 1.44 0.73 1.28 0.00 0.81 0.99
0.97 0.60 0.75 1.28 1.51 0.45 0.90 0.80 1.20 1.34 1.35 0.49 1.65 1.03 1.11 0.43 0.84 0.81 0.00 0.59
1.63 1.13 1.16 1.00 0.95 0.69 1.33 0.17 1.38 0.41 1.34 0.28 1.35 1.56 1.16 0.77 0.68 0.99 0.59 0.00
